# unix_time, cycles_done, cur_path, paths_total, pending_total, pending_favs, map_size, unique_crashes, unique_hangs, max_depth, execs_per_sec
1693475738, 0, 0, 1, 1, 1, 0.00%, 0, 0, 1, 250.00
1693475784, 1, 0, 1, 0, 0, 0.00%, 0, 0, 1, 298.92
1693475789, 7, 0, 1, 0, 0, 0.00%, 0, 0, 1, 298.30
1693475795, 13, 0, 1, 0, 0, 0.00%, 0, 0, 1, 295.90
1693475800, 19, 0, 1, 0, 0, 0.00%, 0, 0, 1, 296.94
1693475805, 25, 0, 1, 0, 0, 0.00%, 0, 0, 1, 298.64
1693475810, 31, 0, 1, 0, 0, 0.00%, 0, 0, 1, 299.52
1693475815, 37, 0, 1, 0, 0, 0.00%, 0, 0, 1, 299.42
1693475820, 43, 0, 1, 0, 0, 0.00%, 0, 0, 1, 295.97
1693475825, 49, 0, 1, 0, 0, 0.00%, 0, 0, 1, 297.89
1693475831, 55, 0, 1, 0, 0, 0.00%, 0, 0, 1, 298.36
1693475836, 61, 0, 1, 0, 0, 0.00%, 0, 0, 1, 295.93
1693475841, 67, 0, 1, 0, 0, 0.00%, 0, 0, 1, 298.37
1693475846, 73, 0, 1, 0, 0, 0.00%, 0, 0, 1, 298.54
1693475851, 79, 0, 1, 0, 0, 0.00%, 0, 0, 1, 295.27
1693475857, 85, 0, 1, 0, 0, 0.00%, 0, 0, 1, 298.42
1693475862, 91, 0, 1, 0, 0, 0.00%, 0, 0, 1, 298.84
1693475867, 97, 0, 1, 0, 0, 0.00%, 0, 0, 1, 299.16
1693475872, 103, 0, 1, 0, 0, 0.00%, 0, 0, 1, 298.99
1693475877, 109, 0, 1, 0, 0, 0.00%, 0, 0, 1, 298.69
1693475882, 115, 0, 1, 0, 0, 0.00%, 0, 0, 1, 295.99
1693475888, 121, 0, 1, 0, 0, 0.00%, 0, 0, 1, 297.22
1693475893, 127, 0, 1, 0, 0, 0.00%, 0, 0, 1, 297.66
1693475898, 133, 0, 1, 0, 0, 0.00%, 0, 0, 1, 298.54
1693475903, 139, 0, 1, 0, 0, 0.00%, 0, 0, 1, 298.02
1693475908, 145, 0, 1, 0, 0, 0.00%, 0, 0, 1, 297.42
1693475913, 151, 0, 1, 0, 0, 0.00%, 0, 0, 1, 297.12
1693475919, 157, 0, 1, 0, 0, 0.00%, 0, 0, 1, 298.78
1693475924, 163, 0, 1, 0, 0, 0.00%, 0, 0, 1, 297.53
1693475929, 169, 0, 1, 0, 0, 0.00%, 0, 0, 1, 298.16
1693475934, 175, 0, 1, 0, 0, 0.00%, 0, 0, 1, 299.11
1693475939, 181, 0, 1, 0, 0, 0.00%, 0, 0, 1, 299.03
1693475944, 187, 0, 1, 0, 0, 0.00%, 0, 0, 1, 297.85
1693475949, 193, 0, 1, 0, 0, 0.00%, 0, 0, 1, 298.94
1693475955, 199, 0, 1, 0, 0, 0.00%, 0, 0, 1, 299.13
1693475960, 205, 0, 1, 0, 0, 0.00%, 0, 0, 1, 298.46
1693475965, 211, 0, 1, 0, 0, 0.00%, 0, 0, 1, 298.58
1693475970, 217, 0, 1, 0, 0, 0.00%, 0, 0, 1, 298.86
1693475975, 223, 0, 1, 0, 0, 0.00%, 0, 0, 1, 299.27
1693475980, 229, 0, 1, 0, 0, 0.00%, 0, 0, 1, 299.05
1693475985, 235, 0, 1, 0, 0, 0.00%, 0, 0, 1, 298.06
1693475991, 241, 0, 1, 0, 0, 0.00%, 0, 0, 1, 298.37
1693475996, 247, 0, 1, 0, 0, 0.00%, 0, 0, 1, 298.89
1693476001, 253, 0, 1, 0, 0, 0.00%, 0, 0, 1, 298.52
1693476006, 259, 0, 1, 0, 0, 0.00%, 0, 0, 1, 299.09
1693476011, 265, 0, 1, 0, 0, 0.00%, 0, 0, 1, 298.37
1693476016, 271, 0, 1, 0, 0, 0.00%, 0, 0, 1, 299.30
1693476022, 277, 0, 1, 0, 0, 0.00%, 0, 0, 1, 296.59
1693476027, 283, 0, 1, 0, 0, 0.00%, 0, 0, 1, 296.68
1693476032, 289, 0, 1, 0, 0, 0.00%, 0, 0, 1, 298.56
1693476037, 295, 0, 1, 0, 0, 0.00%, 0, 0, 1, 298.13
1693476042, 301, 0, 1, 0, 0, 0.00%, 0, 0, 1, 299.16
1693476047, 307, 0, 1, 0, 0, 0.00%, 0, 0, 1, 298.31
1693476052, 313, 0, 1, 0, 0, 0.00%, 0, 0, 1, 297.53
1693476058, 319, 0, 1, 0, 0, 0.00%, 0, 0, 1, 296.24
1693476063, 325, 0, 1, 0, 0, 0.00%, 0, 0, 1, 298.55
1693476068, 331, 0, 1, 0, 0, 0.00%, 0, 0, 1, 298.29
1693476073, 337, 0, 1, 0, 0, 0.00%, 0, 0, 1, 298.91
1693476078, 343, 0, 1, 0, 0, 0.00%, 0, 0, 1, 298.60
1693476083, 349, 0, 1, 0, 0, 0.00%, 0, 0, 1, 298.92
1693476089, 355, 0, 1, 0, 0, 0.00%, 0, 0, 1, 298.85
1693476094, 361, 0, 1, 0, 0, 0.00%, 0, 0, 1, 297.28
1693476099, 367, 0, 1, 0, 0, 0.00%, 0, 0, 1, 299.26
1693476104, 373, 0, 1, 0, 0, 0.00%, 0, 0, 1, 293.55
1693476109, 379, 0, 1, 0, 0, 0.00%, 0, 0, 1, 298.05
1693476114, 385, 0, 1, 0, 0, 0.00%, 0, 0, 1, 298.66
1693476120, 391, 0, 1, 0, 0, 0.00%, 0, 0, 1, 295.71
1693476125, 397, 0, 1, 0, 0, 0.00%, 0, 0, 1, 298.30
1693476130, 403, 0, 1, 0, 0, 0.00%, 0, 0, 1, 297.60
1693476135, 409, 0, 1, 0, 0, 0.00%, 0, 0, 1, 294.40
1693476140, 415, 0, 1, 0, 0, 0.00%, 0, 0, 1, 298.15
1693476146, 421, 0, 1, 0, 0, 0.00%, 0, 0, 1, 298.76
1693476151, 427, 0, 1, 0, 0, 0.00%, 0, 0, 1, 298.04
1693476156, 433, 0, 1, 0, 0, 0.00%, 0, 0, 1, 298.77
1693476161, 439, 0, 1, 0, 0, 0.00%, 0, 0, 1, 298.75
1693476166, 445, 0, 1, 0, 0, 0.00%, 0, 0, 1, 298.86
1693476171, 451, 0, 1, 0, 0, 0.00%, 0, 0, 1, 298.72
1693476176, 457, 0, 1, 0, 0, 0.00%, 0, 0, 1, 298.57
1693476182, 463, 0, 1, 0, 0, 0.00%, 0, 0, 1, 298.98
1693476187, 469, 0, 1, 0, 0, 0.00%, 0, 0, 1, 298.90
1693476192, 475, 0, 1, 0, 0, 0.00%, 0, 0, 1, 298.84
1693476197, 482, 0, 1, 0, 0, 0.00%, 0, 0, 1, 298.87
1693476202, 488, 0, 1, 0, 0, 0.00%, 0, 0, 1, 298.52
1693476207, 494, 0, 1, 0, 0, 0.00%, 0, 0, 1, 298.68
1693476213, 500, 0, 1, 0, 0, 0.00%, 0, 0, 1, 298.96
1693476218, 506, 0, 1, 0, 0, 0.00%, 0, 0, 1, 299.30
1693476223, 512, 0, 1, 0, 0, 0.00%, 0, 0, 1, 299.05
1693476228, 518, 0, 1, 0, 0, 0.00%, 0, 0, 1, 299.26
1693476233, 524, 0, 1, 0, 0, 0.00%, 0, 0, 1, 298.94
1693476238, 530, 0, 1, 0, 0, 0.00%, 0, 0, 1, 298.01
1693476244, 536, 0, 1, 0, 0, 0.00%, 0, 0, 1, 297.89
1693476249, 542, 0, 1, 0, 0, 0.00%, 0, 0, 1, 295.09
1693476254, 547, 0, 1, 0, 0, 0.00%, 0, 0, 1, 292.69
1693476259, 553, 0, 1, 0, 0, 0.00%, 0, 0, 1, 298.19
1693476264, 559, 0, 1, 0, 0, 0.00%, 0, 0, 1, 297.01
1693476269, 565, 0, 1, 0, 0, 0.00%, 0, 0, 1, 298.23
1693476274, 571, 0, 1, 0, 0, 0.00%, 0, 0, 1, 298.88
1693476279, 577, 0, 1, 0, 0, 0.00%, 0, 0, 1, 298.81
1693476285, 583, 0, 1, 0, 0, 0.00%, 0, 0, 1, 298.72
1693476290, 589, 0, 1, 0, 0, 0.00%, 0, 0, 1, 299.01
1693476295, 596, 0, 1, 0, 0, 0.00%, 0, 0, 1, 298.72
1693476300, 602, 0, 1, 0, 0, 0.00%, 0, 0, 1, 298.52
1693476305, 607, 0, 1, 0, 0, 0.00%, 0, 0, 1, 292.40
1693476310, 613, 0, 1, 0, 0, 0.00%, 0, 0, 1, 296.62
1693476316, 619, 0, 1, 0, 0, 0.00%, 0, 0, 1, 298.49
1693476321, 626, 0, 1, 0, 0, 0.00%, 0, 0, 1, 299.35
1693476326, 631, 0, 1, 0, 0, 0.00%, 0, 0, 1, 298.94
1693476331, 637, 0, 1, 0, 0, 0.00%, 0, 0, 1, 299.48
1693476336, 643, 0, 1, 0, 0, 0.00%, 0, 0, 1, 295.61
1693476341, 649, 0, 1, 0, 0, 0.00%, 0, 0, 1, 295.92
1693476346, 655, 0, 1, 0, 0, 0.00%, 0, 0, 1, 298.59
1693476352, 661, 0, 1, 0, 0, 0.00%, 0, 0, 1, 298.80
1693476357, 667, 0, 1, 0, 0, 0.00%, 0, 0, 1, 298.02
1693476362, 673, 0, 1, 0, 0, 0.00%, 0, 0, 1, 299.04
1693476367, 679, 0, 1, 0, 0, 0.00%, 0, 0, 1, 298.65
1693476372, 685, 0, 1, 0, 0, 0.00%, 0, 0, 1, 291.66
1693476377, 691, 0, 1, 0, 0, 0.00%, 0, 0, 1, 297.28
1693476383, 697, 0, 1, 0, 0, 0.00%, 0, 0, 1, 297.95
1693476388, 703, 0, 1, 0, 0, 0.00%, 0, 0, 1, 298.31
1693476393, 709, 0, 1, 0, 0, 0.00%, 0, 0, 1, 296.99
1693476398, 715, 0, 1, 0, 0, 0.00%, 0, 0, 1, 297.74
1693476403, 721, 0, 1, 0, 0, 0.00%, 0, 0, 1, 298.19
1693476408, 727, 0, 1, 0, 0, 0.00%, 0, 0, 1, 299.00
1693476413, 733, 0, 1, 0, 0, 0.00%, 0, 0, 1, 298.90
1693476419, 739, 0, 1, 0, 0, 0.00%, 0, 0, 1, 298.56
1693476424, 745, 0, 1, 0, 0, 0.00%, 0, 0, 1, 298.54
1693476429, 751, 0, 1, 0, 0, 0.00%, 0, 0, 1, 297.67
1693476434, 757, 0, 1, 0, 0, 0.00%, 0, 0, 1, 298.34
1693476439, 763, 0, 1, 0, 0, 0.00%, 0, 0, 1, 298.65
1693476444, 769, 0, 1, 0, 0, 0.00%, 0, 0, 1, 298.66
1693476449, 775, 0, 1, 0, 0, 0.00%, 0, 0, 1, 299.27
1693476455, 781, 0, 1, 0, 0, 0.00%, 0, 0, 1, 298.38
1693476460, 787, 0, 1, 0, 0, 0.00%, 0, 0, 1, 298.17
1693476465, 793, 0, 1, 0, 0, 0.00%, 0, 0, 1, 298.85
1693476470, 799, 0, 1, 0, 0, 0.00%, 0, 0, 1, 297.45
1693476475, 805, 0, 1, 0, 0, 0.00%, 0, 0, 1, 295.53
1693476480, 811, 0, 1, 0, 0, 0.00%, 0, 0, 1, 296.10
1693476486, 817, 0, 1, 0, 0, 0.00%, 0, 0, 1, 297.61
1693476491, 823, 0, 1, 0, 0, 0.00%, 0, 0, 1, 297.90
1693476496, 829, 0, 1, 0, 0, 0.00%, 0, 0, 1, 298.88
1693476501, 835, 0, 1, 0, 0, 0.00%, 0, 0, 1, 298.47
1693476506, 841, 0, 1, 0, 0, 0.00%, 0, 0, 1, 298.16
1693476511, 847, 0, 1, 0, 0, 0.00%, 0, 0, 1, 298.72
1693476516, 853, 0, 1, 0, 0, 0.00%, 0, 0, 1, 298.93
1693476522, 859, 0, 1, 0, 0, 0.00%, 0, 0, 1, 298.08
1693476527, 865, 0, 1, 0, 0, 0.00%, 0, 0, 1, 298.07
1693476532, 871, 0, 1, 0, 0, 0.00%, 0, 0, 1, 297.49
1693476537, 877, 0, 1, 0, 0, 0.00%, 0, 0, 1, 296.95
1693476542, 883, 0, 1, 0, 0, 0.00%, 0, 0, 1, 299.17
1693476547, 889, 0, 1, 0, 0, 0.00%, 0, 0, 1, 298.85
1693476553, 895, 0, 1, 0, 0, 0.00%, 0, 0, 1, 292.97
1693476558, 901, 0, 1, 0, 0, 0.00%, 0, 0, 1, 297.50
1693476563, 907, 0, 1, 0, 0, 0.00%, 0, 0, 1, 296.66
1693476568, 913, 0, 1, 0, 0, 0.00%, 0, 0, 1, 298.91
1693476573, 919, 0, 1, 0, 0, 0.00%, 0, 0, 1, 299.31
1693476578, 925, 0, 1, 0, 0, 0.00%, 0, 0, 1, 299.74
1693476584, 931, 0, 1, 0, 0, 0.00%, 0, 0, 1, 299.12
1693476589, 937, 0, 1, 0, 0, 0.00%, 0, 0, 1, 299.18
1693476594, 943, 0, 1, 0, 0, 0.00%, 0, 0, 1, 298.37
1693476599, 949, 0, 1, 0, 0, 0.00%, 0, 0, 1, 298.99
1693476604, 956, 0, 1, 0, 0, 0.00%, 0, 0, 1, 299.06
1693476609, 962, 0, 1, 0, 0, 0.00%, 0, 0, 1, 299.02
1693476615, 967, 0, 1, 0, 0, 0.00%, 0, 0, 1, 296.07
1693476620, 974, 0, 1, 0, 0, 0.00%, 0, 0, 1, 297.16
1693476625, 979, 0, 1, 0, 0, 0.00%, 0, 0, 1, 291.90
1693476630, 985, 0, 1, 0, 0, 0.00%, 0, 0, 1, 296.21
1693476635, 991, 0, 1, 0, 0, 0.00%, 0, 0, 1, 298.38
1693476640, 997, 0, 1, 0, 0, 0.00%, 0, 0, 1, 298.33
1693476645, 1003, 0, 1, 0, 0, 0.00%, 0, 0, 1, 298.09
1693476651, 1009, 0, 1, 0, 0, 0.00%, 0, 0, 1, 296.47
1693476656, 1015, 0, 1, 0, 0, 0.00%, 0, 0, 1, 294.30
